%YAML:1.0
---
size: !!opencv-matrix
   rows: 2
   cols: 1
   dt: d
   data: [ 1280., 960. ]
K: !!opencv-matrix
   rows: 3
   cols: 3
   dt: d
   data: [ 8.2127964931926738e+02, 0., 7.1374221091039510e+02, 0.,
       8.2021180221964721e+02, 5.1956060194537690e+02, 0., 0., 1. ]
D: !!opencv-matrix
   rows: 1
   cols: 5
   dt: d
   data: [ -5.2052098568766109e-02, 2.2255015489535637e-01,
       1.4761625067422765e-04, 1.9309966555698433e-03,
       -2.4363524357043698e-01 ]
