%YAML:1.0
---
size: !!opencv-matrix
   rows: 2
   cols: 1
   dt: d
   data: [ 1280., 960. ]
K: !!opencv-matrix
   rows: 3
   cols: 3
   dt: d
   data: [ 8.2087295881087152e+02, 0., 6.7384975108975482e+02, 0.,
       8.1900734315590591e+02, 5.3461186926003199e+02, 0., 0., 1. ]
D: !!opencv-matrix
   rows: 1
   cols: 5
   dt: d
   data: [ -3.4591932500771902e-02, 1.1309786860422391e-01,
       -1.6909769513877898e-03, 1.6853769105442183e-03,
       -9.7509420101543648e-02 ]
