%YAML:1.0
---
size: !!opencv-matrix
   rows: 2
   cols: 1
   dt: d
   data: [ 1280., 960. ]
K1: !!opencv-matrix
   rows: 3
   cols: 3
   dt: d
   data: [ 8.2127964931926738e+02, 0., 7.1374221091039510e+02, 0.,
       8.2021180221964721e+02, 5.1956060194537690e+02, 0., 0., 1. ]
D1: !!opencv-matrix
   rows: 1
   cols: 5
   dt: d
   data: [ -5.2052098568766109e-02, 2.2255015489535637e-01,
       1.4761625067422765e-04, 1.9309966555698433e-03,
       -2.4363524357043698e-01 ]
K2: !!opencv-matrix
   rows: 3
   cols: 3
   dt: d
   data: [ 8.2087295881087152e+02, 0., 6.7384975108975482e+02, 0.,
       8.1900734315590591e+02, 5.3461186926003199e+02, 0., 0., 1. ]
D2: !!opencv-matrix
   rows: 1
   cols: 5
   dt: d
   data: [ -3.4591932500771902e-02, 1.1309786860422391e-01,
       -1.6909769513877898e-03, 1.6853769105442183e-03,
       -9.7509420101543648e-02 ]
R: !!opencv-matrix
   rows: 3
   cols: 3
   dt: d
   data: [ 9.9998461655134363e-01, 1.2162853460309059e-03,
       -5.4117751818805382e-03, -1.2458145691802251e-03,
       9.9998433739911530e-01, -5.4564551231952238e-03,
       5.4050538129981592e-03, 5.4631132524647144e-03,
       9.9997046945740820e-01 ]
T: !!opencv-matrix
   rows: 3
   cols: 1
   dt: d
   data: [ -4.7273080646498620e+01, 6.6656030886246886e-02,
       -3.9399456306597429e+00 ]
E: !!opencv-matrix
   rows: 3
   cols: 3
   dt: d
   data: [ -4.5481622345528456e-03, 3.9402480703095137e+00,
       4.5155925975963809e-02, -3.6843714759078976e+00,
       2.5346609522998992e-01, 4.7293006746759112e+01,
       -7.7615128871783914e-03, -4.7272421299857456e+01,
       2.5830417053648119e-01 ]
F: !!opencv-matrix
   rows: 3
   cols: 3
   dt: d
   data: [ 1.0576416619832203e-08, -9.1746861040606476e-06,
       4.6730166657753839e-03, 8.5872511996368574e-06,
       -5.9152850510758158e-07, -9.6348876958979923e-02,
       -4.5831575372271716e-03, 9.6853443352520469e-02, 1. ]
R1: !!opencv-matrix
   rows: 3
   cols: 3
   dt: d
   data: [ 9.9697920748020297e-01, 2.6070219172717030e-04,
       7.7668474212601646e-02, -5.0548410016816680e-05,
       9.9999633280561628e-01, -2.7077334022034228e-03,
       -7.7668895299241814e-02, 2.6956278835165723e-03,
       9.9697556454173386e-01 ]
R2: !!opencv-matrix
   rows: 3
   cols: 3
   dt: d
   data: [ 9.9654386326885103e-01, -1.4051476574220207e-03,
       8.3056331132879233e-02, 1.1803868976920345e-03,
       9.9999550786190983e-01, 2.7551665599172426e-03,
       -8.3059829448208014e-02, -2.6476057225294481e-03,
       9.9654104527408827e-01 ]
P1: !!opencv-matrix
   rows: 3
   cols: 4
   dt: d
   data: [ 6.7347783980444217e+02, 0., 5.8527526092529297e+02, 0., 0.,
       6.7347783980444217e+02, 5.3371211242675781e+02, 0., 0., 0., 1.,
       0. ]
P2: !!opencv-matrix
   rows: 3
   cols: 4
   dt: d
   data: [ 6.7347783980444217e+02, 0., 5.8527526092529297e+02,
       -3.1947788158839809e+04, 0., 6.7347783980444217e+02,
       5.3371211242675781e+02, 0., 0., 0., 1., 0. ]
Q: !!opencv-matrix
   rows: 4
   cols: 4
   dt: d
   data: [ 1., 0., 0., -5.8527526092529297e+02, 0., 1., 0.,
       -5.3371211242675781e+02, 0., 0., 0., 6.7347783980444217e+02, 0.,
       0., 2.1080577987308769e-02, 0. ]
