%YAML:1.0
---
size: !!opencv-matrix
   rows: 2
   cols: 1
   dt: d
   data: [ 640., 480. ]
K: !!opencv-matrix
   rows: 3
   cols: 3
   dt: d
   data: [ 7.6159209686633153e+02, 0., 3.2031427422691633e+02, 0.,
       7.6167321446015626e+02, 2.2467546926913309e+02, 0., 0., 1. ]
D: !!opencv-matrix
   rows: 1
   cols: 5
   dt: d
   data: [ 3.4834574887256914e-02, -5.5261651680159028e-02,
       5.7491952534806736e-04, -4.2764223950233445e-05,
       1.8477350164208820e-02 ]
