%YAML:1.0
---
size: !!opencv-matrix
   rows: 2
   cols: 1
   dt: d
   data: [ 1280., 720. ]
K: !!opencv-matrix
   rows: 3
   cols: 3
   dt: d
   data: [ 6.5124531563425182e+02, 0., 6.5662728204306427e+02, 0.,
       6.5264774124771725e+02, 3.8211875899120133e+02, 0., 0., 1. ]
D: !!opencv-matrix
   rows: 1
   cols: 5
   dt: d
   data: [ -1.8068071110972143e-02, 1.9562374791860215e-01,
       2.0788394581050954e-03, -6.6373435493770414e-04,
       -3.2026676415096816e-01 ]
