%YAML:1.0
---
size: !!opencv-matrix
   rows: 2
   cols: 1
   dt: d
   data: [ 640., 480. ]
K1: !!opencv-matrix
   rows: 3
   cols: 3
   dt: d
   data: [ 7.6159209686633153e+02, 0., 3.2031427422691633e+02, 0.,
       7.6167321446015626e+02, 2.2467546926913309e+02, 0., 0., 1. ]
D1: !!opencv-matrix
   rows: 1
   cols: 5
   dt: d
   data: [ 3.4834574887256914e-02, -5.5261651680159028e-02,
       5.7491952534806736e-04, -4.2764223950233445e-05,
       1.8477350164208820e-02 ]
K2: !!opencv-matrix
   rows: 3
   cols: 3
   dt: d
   data: [ 6.5124531563425182e+02, 0., 6.5662728204306427e+02, 0.,
       6.5264774124771725e+02, 3.8211875899120133e+02, 0., 0., 1. ]
D2: !!opencv-matrix
   rows: 1
   cols: 5
   dt: d
   data: [ -1.8068071110972143e-02, 1.9562374791860215e-01,
       2.0788394581050954e-03, -6.6373435493770414e-04,
       -3.2026676415096816e-01 ]
R: !!opencv-matrix
   rows: 3
   cols: 3
   dt: d
   data: [ 9.5372117178308469e-01, -2.9383448506392337e-02,
       -2.9925330315064524e-01, -3.0936337538221732e-02,
       9.8034436621572330e-01, -1.9485344915811217e-01,
       2.9909675610481135e-01, 1.9509366105274664e-01,
       9.3406616141717447e-01 ]
T: !!opencv-matrix
   rows: 3
   cols: 1
   dt: d
   data: [ -2.2213933667926159e+02, -2.2192445083146886e+01,
       -2.4635699100159961e+01 ]
E: !!opencv-matrix
   rows: 3
   cols: 3
   dt: d
   data: [ -7.3998266372560186e+00, 1.9821863461644430e+01,
       -2.5529562933364026e+01, 4.2945567190541631e+01,
       4.4061858252514355e+01, 2.1486515184290349e+02,
       2.8037582229456923e+01, -2.1842513779574347e+02,
       3.6643453449528266e+01 ]
F: !!opencv-matrix
   rows: 3
   cols: 3
   dt: d
   data: [ -1.4680301895957391e-06, 3.9319833249602176e-06,
       -4.2704521614638875e-03, 8.5015391220520384e-06,
       8.7215920595343013e-06, 2.7711535393496092e-02,
       1.3377695211047847e-03, -3.4131764043527330e-02, 1. ]
R1: !!opencv-matrix
   rows: 3
   cols: 3
   dt: d
   data: [ 9.7302125717214372e-01, 8.9204177425716832e-02,
       -2.1277276099384151e-01, -1.0842399875426655e-01,
       9.9084652927144401e-01, -8.0420096523619394e-02,
       2.0365134319536413e-01, 1.0132013699425541e-01,
       9.7378660919843696e-01 ]
R2: !!opencv-matrix
   rows: 3
   cols: 3
   dt: d
   data: [ 9.8904279875401335e-01, 9.8808605105011715e-02,
       1.0968683508074345e-01, -1.0845477158752496e-01,
       9.9039518736762422e-01, 8.5760919765044158e-02,
       -1.0015939672704774e-01, -9.6717280752978210e-02,
       9.9025949268412650e-01 ]
P1: !!opencv-matrix
   rows: 3
   cols: 4
   dt: d
   data: [ 8.0002472179302856e+02, 0., 5.4382694530487061e+02, 0., 0.,
       8.0002472179302856e+02, 2.8587180519104004e+02, 0., 0., 0., 1.,
       0. ]
P2: !!opencv-matrix
   rows: 3
   cols: 4
   dt: d
   data: [ 8.0002472179302856e+02, 0., 5.4382694530487061e+02,
       -1.7968581465837508e+05, 0., 8.0002472179302856e+02,
       2.8587180519104004e+02, 0., 0., 0., 1., 0. ]
Q: !!opencv-matrix
   rows: 4
   cols: 4
   dt: d
   data: [ 1., 0., 0., -5.4382694530487061e+02, 0., 1., 0.,
       -2.8587180519104004e+02, 0., 0., 0., 8.0002472179302856e+02, 0.,
       0., 4.4523532551195731e-03, 0. ]
